t pforce betaMax vBeta Hmax vH
0.00000e+00 0.00000e+00 9.99997e-01 0.00000e+00 2.02000e+00 -4.54708e-01
1.00000e-02 1.17263e-01 1.00002e+00 2.25049e-03 2.00990e+00 -1.03566e+00
2.00000e-02 4.88852e-01 1.00004e+00 -1.29688e-03 1.99990e+00 -9.73854e-01
3.00000e-02 9.07662e-01 1.00001e+00 -3.24255e-04 1.99025e+00 -9.77495e-01
4.00000e-02 1.45793e+00 1.00002e+00 8.43133e-04 1.98025e+00 -9.96245e-01
5.00000e-02 1.60918e+00 1.00003e+00 2.02823e-03 1.97028e+00 -9.97657e-01
6.00000e-02 1.45867e+00 1.00006e+00 3.25538e-03 1.96033e+00 -9.93914e-01
7.00000e-02 2.32899e+00 1.00009e+00 4.44490e-03 1.95039e+00 -9.94271e-01
8.00000e-02 1.79936e+00 1.00015e+00 6.20293e-03 1.94045e+00 -9.94326e-01
9.00000e-02 2.20023e+00 1.00022e+00 7.70099e-03 1.93051e+00 -9.93376e-01
1.00000e-01 2.30352e+00 1.00030e+00 9.71461e-03 1.92058e+00 -9.92766e-01
1.10000e-01 2.41528e+00 1.00041e+00 1.15799e-02 1.91065e+00 -9.92258e-01
1.20000e-01 2.23523e+00 1.00054e+00 1.38958e-02 1.90073e+00 -9.91520e-01
1.30000e-01 2.49284e+00 1.00069e+00 1.63203e-02 1.89082e+00 -9.90826e-01
1.40000e-01 2.59538e+00 1.00086e+00 1.86147e-02 1.88091e+00 -9.90123e-01
1.50000e-01 2.66396e+00 1.00106e+00 2.13424e-02 1.87101e+00 -9.89452e-01
1.60000e-01 2.70808e+00 1.00129e+00 2.42170e-02 1.86112e+00 -9.88521e-01
1.70000e-01 2.69543e+00 1.00154e+00 2.68963e-02 1.85124e+00 -9.87679e-01
1.80000e-01 2.75960e+00 1.00183e+00 3.00802e-02 1.84137e+00 -9.86712e-01
1.90000e-01 2.79193e+00 1.00214e+00 3.34331e-02 1.83151e+00 -9.85778e-01
2.00000e-01 2.82335e+00 1.00249e+00 3.65793e-02 1.82165e+00 -9.84913e-01
2.10000e-01 2.92910e+00 1.00288e+00 4.03105e-02 1.81181e+00 -9.83799e-01
2.20000e-01 2.94816e+00 1.00330e+00 4.41843e-02 1.80198e+00 -9.82765e-01
2.30000e-01 2.88729e+00 1.00376e+00 4.82167e-02 1.79215e+00 -9.81739e-01
2.40000e-01 2.99431e+00 1.00426e+00 5.20542e-02 1.78234e+00 -9.80655e-01
2.50000e-01 3.06513e+00 1.00480e+00 5.64938e-02 1.77254e+00 -9.79477e-01
2.60000e-01 2.98035e+00 1.00539e+00 6.11120e-02 1.76275e+00 -9.78103e-01
2.70000e-01 3.03025e+00 1.00603e+00 6.59348e-02 1.75297e+00 -9.77183e-01
2.80000e-01 3.06597e+00 1.00671e+00 7.09719e-02 1.74321e+00 -9.75835e-01
2.90000e-01 3.06495e+00 1.00744e+00 7.62303e-02 1.73346e+00 -9.74386e-01
3.00000e-01 3.11677e+00 1.00823e+00 8.18530e-02 1.72372e+00 -9.73256e-01
3.10000e-01 3.08009e+00 1.00908e+00 8.76822e-02 1.71399e+00 -9.71995e-01
3.20000e-01 3.16220e+00 1.00998e+00 9.37591e-02 1.70428e+00 -9.70699e-01
3.30000e-01 3.10726e+00 1.01095e+00 1.00063e-01 1.69458e+00 -9.69484e-01
3.40000e-01 3.11772e+00 1.01198e+00 1.06774e-01 1.68489e+00 -9.68158e-01
3.50000e-01 3.07834e+00 1.01590e+00 1.46653e+00 1.67521e+00 -9.65831e-01
3.60000e-01 3.21151e+00 1.03028e+00 1.40235e+00 1.66555e+00 -9.65320e-01
3.70000e-01 3.15925e+00 1.04447e+00 1.39561e+00 1.65591e+00 -9.63894e-01
3.80000e-01 3.14460e+00 1.05841e+00 1.38003e+00 1.64627e+00 -9.62370e-01
3.90000e-01 3.13135e+00 1.07210e+00 1.37515e+00 1.63666e+00 -9.60808e-01
4.00000e-01 3.12134e+00 1.08558e+00 1.31716e+00 1.62706e+00 -9.59042e-01
4.10000e-01 3.14834e+00 1.09888e+00 1.31313e+00 1.61747e+00 -9.57606e-01
4.20000e-01 3.09856e+00 1.11195e+00 1.30243e+00 1.60791e+00 -9.55845e-01
4.30000e-01 3.24265e+00 1.12481e+00 1.29080e+00 1.59836e+00 -9.54059e-01
4.40000e-01 3.21728e+00 1.13750e+00 1.24994e+00 1.58883e+00 -9.52287e-01
4.50000e-01 1.77280e+00 1.15001e+00 1.24103e+00 1.57931e+00 -9.50457e-01
4.60000e-01 3.14256e+00 1.16232e+00 1.23374e+00 1.56982e+00 -9.48663e-01
4.70000e-01 3.08718e+00 1.17446e+00 1.18994e+00 1.56034e+00 -9.46915e-01
4.80000e-01 3.14527e+00 1.18646e+00 1.18304e+00 1.55088e+00 -9.44837e-01
4.90000e-01 3.13000e+00 1.19827e+00 1.17538e+00 1.54144e+00 -9.42914e-01
5.00000e-01 3.23474e+00 1.20990e+00 1.16855e+00 1.53202e+00 -9.40807e-01
5.10000e-01 3.12715e+00 1.22140e+00 1.13122e+00 1.52262e+00 -9.39152e-01
5.20000e-01 3.13705e+00 1.23274e+00 1.12474e+00 1.51324e+00 -9.36969e-01
5.30000e-01 3.08688e+00 1.24392e+00 1.11766e+00 1.50388e+00 -9.35099e-01
5.40000e-01 3.09167e+00 1.25494e+00 1.08392e+00 1.49454e+00 -9.32868e-01
5.50000e-01 3.10418e+00 1.26585e+00 1.07662e+00 1.48522e+00 -9.30855e-01
5.60000e-01 3.04417e+00 1.27660e+00 1.06800e+00 1.47593e+00 -9.29126e-01
5.70000e-01 3.06765e+00 1.28720e+00 1.06267e+00 1.46665e+00 -9.26486e-01
5.80000e-01 3.02267e+00 1.29768e+00 1.03261e+00 1.45740e+00 -9.24191e-01
5.90000e-01 3.03177e+00 1.30803e+00 1.02380e+00 1.44817e+00 -9.21902e-01
6.00000e-01 3.05605e+00 1.31825e+00 1.01911e+00 1.43896e+00 -9.19603e-01
6.10000e-01 3.01160e+00 1.32832e+00 1.01202e+00 1.42977e+00 -9.17398e-01
6.20000e-01 2.99295e+00 1.33830e+00 9.83997e-01 1.42061e+00 -9.14514e-01
6.30000e-01 2.94145e+00 1.34815e+00 9.78904e-01 1.41148e+00 -9.11822e-01
6.40000e-01 2.98338e+00 1.35787e+00 9.70755e-01 1.40237e+00 -9.09827e-01
6.50000e-01 2.95759e+00 1.36746e+00 9.46992e-01 1.39329e+00 -9.06398e-01
6.60000e-01 2.91227e+00 1.37697e+00 9.39861e-01 1.38423e+00 -9.04557e-01
6.70000e-01 2.91590e+00 1.38636e+00 9.29625e-01 1.37520e+00 -9.01787e-01
6.80000e-01 2.93217e+00 1.39562e+00 9.27431e-01 1.36619e+00 -8.99513e-01
6.90000e-01 2.81265e+00 1.40477e+00 9.03082e-01 1.35721e+00 -8.96967e-01
7.00000e-01 2.87776e+00 1.41384e+00 8.95354e-01 1.34825e+00 -8.94455e-01
7.10000e-01 2.86032e+00 1.42279e+00 8.91239e-01 1.33932e+00 -8.92019e-01
7.20000e-01 2.89246e+00 1.43162e+00 8.82429e-01 1.33042e+00 -8.88961e-01
7.30000e-01 2.85308e+00 1.44036e+00 8.59571e-01 1.32154e+00 -8.85466e-01
7.40000e-01 2.82848e+00 1.44901e+00 8.53768e-01 1.31269e+00 -8.83587e-01
7.50000e-01 2.71596e+00 1.45755e+00 8.51754e-01 1.30387e+00 -8.81131e-01
7.60000e-01 2.67763e+00 1.46598e+00 8.45599e-01 1.29507e+00 -8.78016e-01
7.70000e-01 2.73170e+00 1.47433e+00 8.25451e-01 1.28631e+00 -8.75408e-01
7.80000e-01 2.82480e+00 1.48260e+00 8.19636e-01 1.27757e+00 -8.72322e-01
7.90000e-01 2.71097e+00 1.49076e+00 8.15041e-01 1.26886e+00 -8.68618e-01
8.00000e-01 2.71572e+00 1.49882e+00 8.07493e-01 1.26019e+00 -8.66188e-01
8.10000e-01 2.73835e+00 1.50681e+00 7.90190e-01 1.25154e+00 -8.62863e-01
8.20000e-01 2.58629e+00 1.51471e+00 7.82761e-01 1.24291e+00 -8.60652e-01
8.30000e-01 2.67853e+00 1.52252e+00 7.78413e-01 1.23432e+00 -8.57939e-01
8.40000e-01 2.62933e+00 1.53023e+00 7.71546e-01 1.22576e+00 -8.54816e-01
8.50000e-01 2.60124e+00 1.53786e+00 7.54476e-01 1.21723e+00 -8.51807e-01
8.60000e-01 2.58686e+00 1.54542e+00 7.49348e-01 1.20872e+00 -8.48834e-01
8.70000e-01 2.53367e+00 1.55289e+00 7.45188e-01 1.20025e+00 -8.46651e-01
8.80000e-01 2.53821e+00 1.56027e+00 7.38400e-01 1.19181e+00 -8.42765e-01
8.90000e-01 2.50386e+00 1.56757e+00 7.23260e-01 1.18340e+00 -8.39112e-01
9.00000e-01 2.50036e+00 1.57481e+00 7.16869e-01 1.17502e+00 -8.36015e-01
9.10000e-01 2.45367e+00 1.58195e+00 7.10030e-01 1.16668e+00 -8.31794e-01
9.20000e-01 2.49380e+00 1.58902e+00 7.05086e-01 1.15838e+00 -8.28125e-01
9.30000e-01 2.43601e+00 1.59601e+00 6.90906e-01 1.15012e+00 -8.24436e-01
9.40000e-01 2.41639e+00 1.60294e+00 6.85619e-01 1.14189e+00 -8.21142e-01
9.50000e-01 2.39038e+00 1.60979e+00 6.80699e-01 1.13370e+00 -8.17869e-01
9.60000e-01 2.36707e+00 1.61655e+00 6.74140e-01 1.12553e+00 -8.14213e-01
9.70000e-01 2.34978e+00 1.62324e+00 6.70025e-01 1.11741e+00 -8.10467e-01
9.80000e-01 2.32169e+00 1.62987e+00 6.56153e-01 1.10932e+00 -8.07253e-01
9.90000e-01 2.29987e+00 1.63643e+00 6.48134e-01 1.10127e+00 -8.03735e-01

